712
L
399
#
696
)
A
483
910
U
410
>
673
)
566
719
a
936
922
872
485
w
172
857
420
636
N
103
65
755
52
780
7
713
971
604
A
831
917
442
545
619
573
716
10
#
262
p
310
338
326
D
t
516
734
159
g
}
140
766
;
597
247
222
827
177
84
208
G
556
989
]
635
161
616
516
I
900
271
871
846
934
133
67
530
15
540
990
579
679
392
146
266
_
P
298
812
778
404
355
344
363
449
496
z
749
830
820
106
479
513
H
737
860
B
38
m
465
599
431
551
E
696
283
667
555
885
p
387
52
}
920
831
712
769
280
51
267
277
741
775
H
!
203
v
930
550
731
65
112
721
y
@
80
73
Y
441
{
228
533
273
i
/
Y
399
654
>
952
460
115
330
478
$
652
803
134
522
183
828
922
556
86
384
434
s
952
11
486
121
767
^
76
}
236
140
942
145
163
E
982
244
109
c
584
481
986
384
,
538
425
180
=
w
c
296
X
763
u
308
O
571
n
205
367
610
139
298
o
N
119
50
x
#
966
J
*
33
79
490
752
51
r
394
574
&
948
200
+
581
#
918
335
725
902
552
432
725
634
930
)
X
m
b
607
q
873
917
D
505
963
+
874
91
984
'
226
[
113
649
847
83
460
720
>
S
230
584
R
'
U
54
238
281
f
828
i
79
771
794
110
969
412
75
389
760
886
w
257
772
238
616
216
r
E
684
202
702
653
g
543
116
-
n
F
790
993
F
320
991
?
460
617
807
f
i
204
I
L
H
185
811
x
669
771
602
633
632
n
582
100
318
969
510
i
743
{
939
303
N
577
J
[
O
802
137
414
612
864
911
#
~
486
j
325
645
682
530
327
849
H
b
i
410
374
7
226
647
U
n
721
r
995
276
k
788
j
g
293
h
i
502
518
610
965
151
886
125
512
G
125
784
q
516
A
285
531
{
671
D
798
269
481
733
{
P
726
675
878
169
849
;
759
d
570
180
b
551
`
e
816
U
440
361
93
751
822
`
827
867
32
298
447
140
571
758
318
>
438
620
X
911
821
W
424
.
592
705
386
?
148
674
944
424
?
151
>
671
Z
419
388
159
!
$
313
942
Y
642
230
]
830
906
749
837
186
491
993
+
h
`
383
901
201
865
838
983
529
618
264
219
70
552
J
881
71
90
876
466
38
325
50
888
123
i
774
520
840
333
K
114
[
615
D
388
523
k
"
674
946
/
935
%
302
227
37
856
777
152
f
730
635
944
184
402
21
250
490
448
173
472
667
120
T
972
876
659
{
788
|
459
808
601
536
423
267
789
336
881
,
V
36
563
337
419
714
955
680
)
51
847
*
478
n
Y
93
840
k
361
893
975
E
902
695
146
944
434
A
189
582
216
424
!
35
143
642
:
895
A
722
H
325
236
G
342
503
58
388
715
308
338
B
360
743
L
157
632
"
375
56
143
^
769
587
660
691
836
@
d
145
729
806
534
M
377
918
d
374
473
Z
531
C
450
e
>
M
G
898
u
%
769
479
194
264
457
314
U
466
770
r
903
$
921
116
332
F
706
o
665
792
}
*
>
175
B
258
965
567
252
155
740
818
Q
180
*
238
e
618
P
259
66
"
955
871
246
$
S
758
764
184
904
j
871
178
116
632
421
427
628
O
474
683
K
}
$
610
629
m
q
287
917
950
867
97
}
w
414
132
655
650
,
548
d
k
13
595
751
I
505
c
587
318
480
R
?
897
G
=
"
882
783
w
215
478
,
240
&
723
m
425
549
842
p
577
30
k
426
477
852
315
-
440
122
289
982
194
650
s
331
R
176
y
758
803
61
984
R
w
]
?
652
956
&
588
523
882
289
595
"
132
668
\
D
784
453
297
Y
441
240
139
374
341
881
867
E
199
129
9
121
X
145
=
355
!
<
36
596
198
`
U
