124
(
K
47
}
718
619
104
I
G
818
566
Z
120
Q
943
F
E
*
454
746
864
24
848
501
969
X
944
627
/
153
K
706
770
541
,
144
845
642
994
(
339
420
E
674
D
489
701
165
508
261
899
837
15
739
283
J
945
`
106
797
204
826
735
463
417
631
266
71
w
672
932
100
p
753
438
480
2
-
782
578
766
561
e
499
P
493
994
581
0
749
423
419
'
434
718
191
57
O
i
165
405
199
845
321
708
437
530
55
114
T
797
206
215
,
398
224
926
$
G
499
H
577
379
H
670
78
562
382
306
i
603
115
r
431
562
443
835
386
56
136
924
965
44
393
986
599
708
711
R
P
x
P
655
509
408
920
837
834
|
347
=
t
529
564
217
41
378
a
H
*
509
134
672
48
z
136
189
398
886
739
278
863
761
650
695
364
82
106
297
193
693
794
425
962
c
496
+
714
573
950
f
503
416
803
136
_
458
o
p
593
984
n
890
n
850
182
691
&
542
321
375
879
!
l
325
530
S
625
565
h
624
247
839
'
645
405
99
262
484
431
U
188
112
W
204
879
a
793
701
927
551
480
353
908
?
708
154
863
832
79
X
U
81
566
369
14
436
q
426
W
+
997
518
q
221
357
740
241
655
f
357
161
L
183
771
233
U
578
611
341
59
;
186
556
770
140
379
519
+
341
355
v
135
374
}
961
328
D
88
708
871
252
427
359
621
421
834
851
623
566
28
343
248
726
x
966
E
960
834
65
23
747
126
939
354
246
277
345
]
574
28
241
730
685
Q
28
153
\
732
80
258
[
440
636
697
r
x
505
723
G
123
989
539
789
378
324
931
520
442
658
336
873
299
604
'
E
932
254
|
156
p
193
620
A
490
700
*
156
777
326
259
538
O
0
673
927
559
517
581
&
530
898
143
70
264
162
213
h
17
752
745
116
551
772
441
35
735
507
449
768
(
Z
730
879
244
81
433
383
903
324
950
?
958
k
164
;
310
316
485
130
107
557
129
v
426
151
72
579
P
938
453
357
304
P
674
l
509
592
199
443
62
284
112
720
796
252
764
386
138
662
536
440
451
998
972
890
D
=
109
692
^
294
619
C
264
404
744
c
428
814
844
*
843
100
907
\
171
711
159
j
506
262
R
252
)
842
O
743
'
296
809
660
Y
-
997
703
380
P
354
584
i
%
781
568
\
+
742
901
106
166
717
699
c
744
193
38
821
493
637
563
35
J
433
-
85
731
=
169
]
743
734
840
V
631
184
732
u
288
632
901
764
i
99
641
719
l
*
307
577
979
P
%
445
268
28
375
X
758
94
N
878
297
739
%
437
391
f
170
331
?
a
796
e
860
302
382
669
496
16
224
963
937
958
211
C
Z
214
F
v
E
162
83
;
486
42
403
924
111
b
220
"
808
m
w
441
143
176
622
74
768
914
k
e
703
861
899
283
389
230
C
[
180
)
860
244
[
342
290
X
775
278
974
o
880
,
>
179
g
857
G
B
639
925
427
91
@
885
562
722
220
i
(
566
V
918
^
998
621
634
523
241
500
645
363
352
896
>
\
&
685
391
&
742
]
314
752
761
434
155
587
684
617
s
956
754
Y
641
400
M
p
226
40
583
626
p
453
\
270
330
539
253
+
(
431
236
416
;
400
675
563
+
16
944
R
133
915
670
856
110
560
38
864
654
401
258
r
j
f
84
964
921
123
757
462
u
885
957
319
510
280
781
@
834
833
222
911
912
199
g
646
92
204
567
h
512
447
632
978
297
14
128
;
391
390
528
973
/
38
*
109
10
550
887
144
803
54
581
854
569
715
335
608
613
578
v
49
510
960
50
88
584
249
962
217
551
>
190
132
682
`
292
<
W
721
523
b
182
488
12
87
812
199
718
w
952
109
<
371
35
4
639
d
C
584
328
154
145
134
255
856
398
214
873
>
778
O
760
#
591
408
436
490
330
598
282
621
62
>
o
528
734
700
581
^
558
x
25
433
t
a
y
632
R
38
597
725
392
330
368
105
441
623
657
573
90
y
995
674
522
568
141
G
996
101
32
744
715
c
967
d
N
691
&
774
922
812
556
397
99
239
208
842
`
a
<
498
957
819
_
789
305
153
306
672
572
l
762
90
580
635
306
534
229
480
<
921
755
849
256
680
(
489
N
A
490
862
707
d
750
329
184
+
)
854
X
569
A
"
433
738
414
723
O
340
422
F
R
277
162
"
182
219
792
R
v
626
328
494
152
C
667
941
420
500
544
692
282
911
d
995
322
133
L
60
(
453
468
a
578
780
401
980
110
